25
100
0 10000 2
1 5000 2
2 5000 1
3 5000 2
4 100 1
5 2000 1
6 50000 5
7 18000 2
8 5000 1
9 5000 2
10 10000 2
11 5000 2
12 1000 1
13 5000 2
14 5000 1
15 1000 1
16 50000 5
17 18000 2
18 5000 1
19 5000 2
20 10000 2
21 5000 2
22 100 1
23 5000 2
24 1000 1
25 5000 1
26 70000 5
27 18000 2
28 5000 1
29 5000 2
30 10000 2
31 100 2
32 5000 1
33 5000 2
34 5000 1
35 1000 1
36 50000 5
37 18000 2
38 5000 1
39 5000 2
40 10000 2
41 5000 2
42 5000 1
43 5000 2
44 1000 1
45 5000 1
46 100 3
47 18000 2
48 5000 1
49 5000 2
50 10000 2
51 5000 2
52 5000 1
53 5000 2
54 100 1
55 2000 1
56 50000 5
57 18000 2
58 5000 1
59 5000 2
60 10000 2
61 5000 2
62 1000 1
63 5000 2
64 5000 1
65 1000 1
66 50000 5
67 18000 2
68 5000 1
69 5000 2
70 10000 2
71 5000 2
72 100 1
73 5000 2
74 1000 1
75 5000 1
76 70000 5
77 18000 2
78 5000 1
79 5000 2
80 10000 2
81 100 2
82 5000 1
83 5000 2
84 5000 1
85 1000 1
86 50000 5
87 18000 2
88 5000 1
89 5000 2
90 10000 2
91 5000 2
92 5000 1
93 5000 2
94 1000 1
95 5000 1
96 100 3
97 18000 2
98 5000 1
99 50000 2
5
0 1
1 2
2 3
3 4
4 5
10
1 2
23 4
5 20
10 14
98 99
70 60
55 44
33 22
29 66
0 99
8
91 13
52 15
3 16
26 49
9 21
11 95
10 80
7 60
4
1 5
2 6
3 7
4 8



